[1,3790]
[2,6394]
[3,2268]
[4,913]
[5,961]
[6,291]
[7,1020]
[8,199]
[9,1688]
[10,1684]
[11,3289]
[12,10246]
[13,3460]
[14,7711]
[15,1697]
[16,3096]
[17,1416]
[18,443]
[19,674]
[20,7306]
[21,1270]
[22,9877]
[23,841]
[24,601]
[25,6024]
[26,2814]
[27,2818]
[28,1292]
[29,2511]
[30,10484]
[31,6122]
[32,1324]
[33,293]
[34,124]
[35,2099]
[36,74]
[37,7046]
[38,1361]
[39,1571]
[40,4592]
[41,506]
[42,4824]
[43,2097]
[44,12091]
[45,4044]
[46,2782]
[47,273]
[48,359]
[49,1666]
[50,2612]
[51,7249]
[52,849]
[53,344]
[54,876]
[55,5342]
[56,2185]
[57,675]
[58,5620]
[59,1383]
[60,2719]
[61,4675]
[62,12691]
[63,9382]
[64,1782]
[65,6446]
[66,4545]
[67,3714]
[68,2088]
[69,3312]
[70,1709]
[71,6450]
[72,1578]
[73,377]
[74,2553]
[75,1485]
[76,5740]
[77,1411]
[78,5520]
[79,2165]
[80,3368]
[81,4264]
[82,2673]
[83,13499]
[84,608]
[85,3282]
[86,320]
[87,272]
[88,243]
[89,393]
[90,4755]
[91,2172]
[92,1368]
[93,600]
[94,390]
[95,12107]
[96,8568]
[97,5079]
[98,7617]
[99,1937]
[100,3547]
[101,1887]
[102,10493]
[103,10489]
[104,3817]
[105,316]
[106,7566]
[107,487]
[108,10494]
[109,1798]
[110,3113]
[111,397]
[112,4785]
[113,1786]
[114,1892]
[115,1892]
[116,3544]
[117,5697]
[118,4842]
[119,528]
[120,12306]
[121,12310]
[122,1600]
[123,2594]
[124,1074]
[125,7373]
[126,2769]
[127,231]
[128,1565]
[129,598]
[130,3467]
[131,2697]
[132,25477]
[133,12856]
[134,451]
[135,3288]
[136,2078]
[137,10025]
[138,838]
[139,3019]
[140,7409]
[141,20483]
[142,3465]
[143,2216]
[144,1414]
[145,252]
[146,4575]
[147,7331]
[148,2024]
[149,4572]
[150,67]
[151,10869]
[152,4260]
[153,1539]
[154,1261]
[155,2619]
[156,5964]
[157,5969]
[158,4995]
[159,939]
[160,4704]
[161,5929]
[162,4668]
[163,4905]
[164,1360]
[165,2221]
[166,1434]
[167,7181]
[168,3716]
[169,1899]
[170,338]
[171,454]
[172,705]
[173,1141]
[174,9867]
[175,3867]
[176,2352]
[177,953]
[178,6482]
[179,2419]
[180,844]
[181,6015]
[182,704]
[183,1351]
[184,1585]
[185,1348]
[186,3593]
[187,5427]
[188,65]
[189,666]
[190,2234]
[191,3992]
[192,3466]
[193,815]
[194,357]
[195,4661]
[196,10544]
[197,12761]
[198,231]
[199,224]
[200,146]
[201,729]
[202,14985]
[203,4600]
[204,2585]
[205,1303]
[206,4541]
[207,3475]
[208,3470]
[209,8676]
[210,122]
[211,1163]
[212,1928]
[213,707]
[214,1445]
[215,1384]
[216,1776]
[217,681]
[218,583]
[219,4699]
[220,568]
[221,393]
[222,138]
[223,572]
[224,2586]
[225,2760]
[226,1267]
[227,1811]
[228,1197]
[229,2486]
[230,5720]
[231,794]
[232,892]
[233,3040]
[234,1590]
[235,3043]
[236,2999]
[237,8525]
[238,70]
[239,2316]
[240,3843]
[241,726]
[242,10253]
[243,2509]
[244,1774]
[245,4976]
[246,8270]
[247,7609]
[248,5107]
[249,2826]
[250,1548]
[251,2093]
[252,11305]
[253,7021]
[254,4246]
[255,3251]
[256,266]
[257,238]
[258,3242]
[259,2477]
[260,2653]
[261,3721]
[262,804]
[263,117]
[264,2304]
[265,980]
[266,2459]
[267,381]
[268,11635]
[269,180]
[270,338]
[271,1054]
[272,1549]
[273,5280]
[274,74]
[275,4912]
[276,68]
[277,575]
[278,999]
[279,294]
[280,314]
[281,1623]
[282,207]
[283,1754]
[284,46]
[285,3038]
[286,2341]
[287,1081]
[288,1207]
[289,11639]
[290,2665]
[291,66]
[292,531]
[293,2076]
[294,2770]
[295,6104]
[296,1153]
[297,3624]
[298,383]
[299,2070]
[300,4625]
[301,1875]
[302,2887]
[303,4893]
[304,2309]
[305,857]
[306,2727]
[307,1475]
[308,234]
[309,7500]
[310,8561]
[311,3977]
[312,2095]
[313,4867]
[314,4871]
[315,170]
[316,4155]
[317,573]
[318,1155]
[319,7320]
[320,5622]
[321,2318]
[322,8962]
[323,807]
[324,635]
[325,7324]
[326,315]
[327,11446]
[328,1855]
[329,5739]
[330,5313]
[331,1964]
[332,554]
[333,8500]
[334,79]
[335,1314]
[336,15281]
[337,514]
[338,391]
[339,4417]
[340,3311]
[341,392]
[342,403]
[343,11802]
[344,4062]
[345,446]
[346,2190]
[347,11021]
[348,14386]
[349,14382]
[350,3113]
[351,8064]
[352,5196]
[353,5191]
[354,3225]
[355,8060]
[356,3229]
[357,1625]
[358,21653]
[359,1788]
[360,6233]
[361,2856]
[362,8860]
[363,1634]
[364,2037]
[365,6859]
[366,2993]
[367,3444]
[368,13348]
[369,591]
[370,4665]
[371,1842]
[372,3311]
[373,6410]
[374,5434]
[375,1628]
[376,9103]
[377,1695]
[378,540]
[379,3249]
[380,435]
[381,2807]
[382,3997]
[383,1392]
[384,6956]
[385,1855]
[386,6950]
[387,2803]
[388,267]
[389,1857]
[390,324]
[391,701]
[392,13240]
[393,264]
[394,17091]
[395,966]
[396,1385]
[397,1195]
[398,709]
[399,818]
[400,3837]
[401,4907]
[402,133]
[403,4307]
[404,1842]
[405,1855]
[406,592]
[407,7511]
[408,7516]
[409,290]
[410,889]
[411,3325]
[412,543]
[413,1149]
[414,10051]
[415,4073]
[416,1771]
[417,222]
[418,244]
[419,4899]
[420,6415]
[421,646]
[422,6956]
[423,2110]
[424,4512]
[425,7939]
[426,2833]
[427,7024]
[428,6563]
[429,6567]
[430,776]
[431,6918]
[432,6819]
[433,1806]
[434,8807]
[435,6293]
[436,4662]
[437,2215]
[438,6363]
[439,12423]
[440,3664]
[441,5333]
[442,7712]
[443,3229]
[444,3831]
[445,6045]
[446,3180]
[447,8672]
[448,858]
[449,5390]
[450,1031]
[451,2271]
[452,12787]
[453,523]
[454,9171]
[455,9176]
[456,7400]
[457,136]
[458,1387]
[459,361]
[460,1697]
[461,3455]
[462,16026]
[463,3536]
[464,1392]
[465,2432]
[466,5619]
[467,311]
[468,453]
[469,8036]
[470,10497]
[471,3043]
[472,708]
[473,946]
[474,2674]
[475,281]
[476,1036]
[477,1257]
[478,4505]
[479,5130]
[480,17075]
[481,13968]
[482,4178]
[483,8891]
[484,3001]
[485,3789]
[486,1767]
[487,1763]
[488,1576]
[489,205]
[490,559]
[491,7672]
[492,118]
[493,1582]
[494,95]
[495,4014]
[496,999]
[497,1686]
[498,1189]
[499,1017]
[500,5829]
[501,4259]
[502,4263]
[503,1077]
[504,6318]
[505,641]
[506,747]
[507,8416]
[508,1415]
[509,365]
[510,493]
[511,639]
[512,206]
[513,346]
[514,172]
[515,56]
[516,628]
[517,327]
[518,2164]
[519,1836]
[520,4398]
[521,2885]
[522,932]
[523,8695]
[524,4909]
[525,2946]
[526,1193]
[527,4913]
[528,214]
[529,94]
[530,263]
[531,314]
[532,212]
[533,3091]
[534,8084]
[535,2371]
[536,14732]
[537,459]
[538,920]
[539,1421]
[540,1008]
[541,303]
[542,345]
[543,9653]
[544,6246]
[545,2002]
[546,2002]
[547,301]
[548,4821]
[549,3209]
[550,2626]
[551,8747]
[552,3278]
[553,3863]
[554,3860]
[555,2676]
[556,9106]
[557,842]
[558,527]
[559,1458]
[560,1703]
[561,15286]
[562,797]
[563,1804]
[564,1194]
[565,1083]
[566,364]
[567,1383]
[568,5547]
[569,6781]
[570,2046]
[571,1000]
[572,1732]
[573,264]
[574,432]
[575,955]
[576,4750]
[577,3583]
[578,3890]
[579,2361]
[580,4622]
[581,7550]
[582,5197]
[583,3255]
[584,478]
[585,6412]
[586,438]
[587,3147]
[588,828]
[589,11403]
[590,16772]
[591,4712]
[592,789]
[593,4518]
[594,1637]
[595,1340]
[596,5631]
[597,562]
[598,16240]
[599,581]
[600,2136]
[601,1984]
[602,616]
[603,3586]
[604,5921]
[605,15208]
[606,3976]
[607,11718]
[608,4146]
[609,2596]
[610,3585]
[611,1425]
[612,8670]
[613,1030]
[614,1050]
[615,474]
[616,8549]
[617,3897]
[618,542]
[619,9614]
[620,1389]
[621,281]
[622,2244]
[623,571]
[624,588]
[625,1803]
[626,686]
[627,1412]
[628,683]
[629,10824]
[630,938]
[631,1070]
[632,3843]
[633,2063]
[634,3902]
[635,5991]
[636,5996]
[637,2727]
[638,1017]
[639,505]
[640,9808]
[641,418]
[642,1600]
[643,806]
[644,2194]
[645,4305]
[646,1111]
[647,2934]
[648,1085]
[649,10344]
[650,503]
[651,1852]
[652,4010]
[653,13530]
[654,348]
[655,1971]
[656,7714]
[657,4709]
[658,8846]
[659,4605]
[660,6567]
[661,671]
[662,8005]
[663,415]
[664,19172]
[665,11752]
[666,20915]
[667,3921]
[668,1380]
[669,1172]
[670,953]
[671,1985]
[672,19310]
[673,10308]
[674,1944]
[675,1783]
[676,393]
[677,1626]
[678,4217]
[679,4213]
[680,6108]
[681,1098]
[682,874]
[683,4121]
[684,3299]
[685,603]
[686,6800]
[687,530]
[688,1167]
[689,1827]
[690,2069]
[691,1798]
[692,5573]
[693,189]
[694,8342]
[695,2066]
[696,3841]
[697,2187]
[698,9186]
[699,7771]
[700,4348]
[701,945]
[702,62]
[703,10456]
[704,10452]
[705,59]
[706,2151]
[707,1860]
[708,1860]
[709,9508]
[710,1720]
[711,3982]
[712,554]
[713,47]
[714,2317]
[715,5534]
[716,587]
[717,151]
[718,2382]
[719,747]
[720,233]
[721,4178]
[722,679]
[723,1884]
[724,3909]
[725,665]
[726,3621]
[727,2831]
[728,338]
[729,1083]
[730,476]
[731,2954]
[732,1579]
[733,4529]
[734,2011]
[735,556]
[736,295]
[737,110]
[738,83]
[739,1250]
[740,172]
[741,229]
[742,755]
[743,611]
[744,830]
[745,2473]
[746,12350]
[747,357]
[748,2559]
[749,970]
[750,1233]
[751,139]
[752,147]
[753,3874]
[754,1196]
[755,3670]
[756,753]
[757,2756]
[758,6842]
[759,1514]
[760,343]
[761,9513]
[762,2546]
[763,417]
[764,1053]
[765,6506]
[766,1193]
[767,162]
[768,1361]
[769,843]
[770,1075]
[771,2228]
[772,254]
[773,371]
[774,2234]
[775,1471]
[776,1290]
[777,2087]
[778,3218]
[779,5012]
[780,9558]
[781,12707]
[782,2331]
[783,461]
[784,2348]
[785,2417]
[786,8524]
[787,386]
[788,879]
[789,311]
[790,4549]
[791,6512]
[792,500]
[793,629]
[794,2108]
[795,1741]
[796,4570]
[797,2669]
[798,217]
[799,1283]
[800,3673]
[801,10375]
[802,3996]
[803,8458]
[804,8038]
[805,9573]
[806,1750]
[807,812]
[808,2263]
[809,7151]
[810,1105]
[811,5721]
[812,1474]
[813,7715]
[814,6919]
[815,480]
[816,7199]
[817,7195]
[818,1581]
[819,4683]
[820,699]
[821,7990]
[822,16560]
[823,1620]
[824,3040]
[825,85]
[826,940]
[827,1240]
[828,8797]
[829,8361]
[830,309]
[831,8018]
[832,2671]
[833,1366]
[834,4221]
[835,12042]
[836,4769]
[837,2387]
[838,2913]
[839,4503]
[840,2150]
[841,1599]
[842,10124]
[843,10325]
[844,3305]
[845,2844]
[846,2014]
[847,3400]
[848,1694]
[849,1804]
[850,2256]
[851,3548]
[852,3561]
[853,4212]
[854,334]
[855,1812]
[856,2039]
[857,50]
[858,516]
[859,3563]
[860,4023]
[861,704]
[862,4024]
[863,4206]
[864,5216]
[865,3161]
[866,830]
[867,4572]
[868,6219]
[869,2601]
[870,10021]
[871,397]
[872,1771]
[873,4452]
[874,2489]
[875,1551]
[876,73]
[877,282]
[878,252]
[879,7180]
[880,565]
[881,198]
[882,1186]
[883,1413]
[884,4536]
[885,5152]
[886,5156]
[887,599]
[888,846]
[889,350]
[890,656]
[891,3672]
[892,4619]
[893,1307]
[894,653]
[895,5196]
[896,11101]
[897,432]
[898,13848]
[899,795]
[900,1117]
[901,1141]
[902,1067]
[903,3603]
[904,3159]
[905,542]
[906,2059]
[907,1336]
[908,2193]
[909,6084]
[910,6084]
[911,2097]
[912,8228]
[913,5338]
[914,9039]
[915,2588]
[916,4711]
[917,3120]
[918,3712]
[919,4822]
[920,7912]
[921,4285]
[922,5460]
[923,8456]
[924,659]
[925,3503]
[926,403]
[927,4575]
[928,3207]
[929,6222]
[930,2026]
[931,13822]
[932,2653]
[933,1344]
[934,18966]
[935,2389]
[936,591]
[937,1341]
[938,5406]
[939,228]
[940,17360]
[941,2647]
[942,5917]
[943,786]
[944,4504]
[945,1081]
[946,9509]
[947,6633]
[948,470]
[949,2275]
[950,3252]
[951,2653]
[952,818]
[953,4521]
[954,2190]
[955,2028]
[956,1698]
[957,212]
[958,2039]
[959,1058]
[960,736]
[961,1674]
[962,5890]
[963,2531]
[964,2098]
[965,193]
[966,606]
[967,8902]
[968,1633]
[969,3866]
[970,1307]
[971,2271]
[972,3707]
[973,2290]
[974,2830]
[975,3220]
[976,7018]
[977,1999]
[978,1355]
[979,3776]
[980,2133]
[981,53]
[982,1838]
[983,2941]
[984,10309]
[985,4376]
[986,2568]
[987,512]
[988,10305]
[989,3157]
[990,1130]
[991,1677]
[992,4552]
[993,2419]
[994,2213]
[995,245]
[996,3771]
[997,8357]
[998,9708]
[999,1275]
